[geo.jpg]
filters=Vignette=1,35.000000,1.400000,0.000000,00000000;glow2=1,0.650000,4.416313;CrossProcess=1,51.461990;
moddate=7b0b66a3813ecd01
width=1024
height=341
textactive=0
